0.0008,1000
0.0004,1100
0.0006,1200
0.0008,1300
0.0009,1400
0.0007,1500
0.0012,1600
0.001,1700
0.0013,1800
0.0011,1900
0.0012,2000
0.0015,2100
0.0014,2200
0.0015,2300
0.0015,2400
0.0018,2500
0.0016,2600
0.0016,2700
0.0016,2800
0.0014,2900
0.0021,3000
0.0025,3100
0.0018,3200
0.0023,3300
0.0022,3400
0.0027,3500
0.0026,3600
0.0025,3700
0.0028,3800
0.0027,3900
0.0025,4000
0.0043,4100
0.003,4200
0.0034,4300
0.0027,4400
0.0032,4500
0.0034,4600
0.0036,4700
0.0036,4800
0.0036,4900
0.0041,5000
0.0041,5100
0.0042,5200
0.0038,5300
0.0043,5400
0.0042,5500
0.0043,5600
0.0044,5700
0.0048,5800
0.0045,5900
0.0044,6000
0.0047,6100
0.0054,6200
0.0049,6300
0.006,6400
0.0054,6500
0.0054,6600
0.0049,6700
0.0054,6800
0.0055,6900
0.0051,7000
0.0059,7100
0.0058,7200
0.0066,7300
0.006,7400
0.0063,7500
0.0064,7600
0.0062,7700
0.0056,7800
0.0063,7900
0.0065,8000
0.0063,8100
0.0092,8200
0.0073,8300
0.0069,8400
0.0073,8500
0.0069,8600
0.0077,8700
0.0076,8800
0.0071,8900
0.008,9000
0.0081,9100
0.0081,9200
0.0088,9300
0.0075,9400
0.0077,9500
0.0087,9600
0.008,9700
0.0083,9800
0.0085,9900
0.0089,10000
0.009,10100
0.0092,10200
0.0101,10300
0.0096,10400
0.0099,10500
0.0096,10600
0.009,10700
0.0095,10800
0.0092,10900
0.0102,11000
0.009,11100
0.0103,11200
0.0109,11300
0.0097,11400
0.0095,11500
0.0104,11600
0.0101,11700
0.0109,11800
0.0104,11900
0.0113,12000
0.011,12100
0.0111,12200
0.0166,12300
0.0117,12400
0.0113,12500
0.0123,12600
0.0111,12700
0.014,12800
0.0114,12900
0.0115,13000
0.012,13100
0.0118,13200
0.0126,13300
0.0122,13400
0.0121,13500
0.0119,13600
0.0121,13700
0.0123,13800
0.0128,13900
0.0126,14000
0.0123,14100
0.0134,14200
0.0137,14300
0.0141,14400
0.0131,14500
0.0142,14600
0.0135,14700
0.0136,14800
0.0138,14900
0.0135,15000
0.0142,15100
0.0137,15200
0.0133,15300
0.0155,15400
0.014,15500
0.0145,15600
0.0138,15700
0.0145,15800
0.0154,15900
0.0165,16000
0.0154,16100
0.0159,16200
0.015,16300
0.0221,16400
0.0167,16500
0.0158,16600
0.0157,16700
0.016,16800
0.0177,16900
0.0185,17000
0.0181,17100
0.0165,17200
0.0155,17300
0.0165,17400
0.0165,17500
0.0177,17600
0.0159,17700
0.0166,17800
0.0166,17900
0.0168,18000
0.0168,18100
0.0173,18200
0.0176,18300
0.0181,18400
0.0186,18500
0.0178,18600
0.0184,18700
0.019,18800
0.019,18900
0.0186,19000
0.0187,19100
0.0225,19200
0.0231,19300
0.0199,19400
0.0213,19500
0.0195,19600
0.0188,19700
0.0189,19800
0.0194,19900
0.0206,20000
0.0206,20100
0.0199,20200
0.0224,20300
0.0244,20400
0.0266,20500
0.0232,20600
0.0204,20700
0.0201,20800
0.0209,20900
0.0227,21000
0.0253,21100
0.0212,21200
0.0214,21300
0.0218,21400
0.021,21500
0.0212,21600
0.0212,21700
0.0212,21800
0.0218,21900
0.0213,22000
0.0217,22100
0.0214,22200
0.0221,22300
0.0232,22400
0.023,22500
0.0235,22600
0.0225,22700
0.0229,22800
0.0226,22900
0.0223,23000
0.0207,23100
0.0245,23200
0.0246,23300
0.0227,23400
0.0236,23500
0.0246,23600
0.0242,23700
0.0243,23800
0.0234,23900
0.0249,24000
0.0244,24100
0.0249,24200
0.0243,24300
0.025,24400
0.0258,24500
0.0362,24600
0.0295,24700
0.0285,24800
0.0278,24900
0.027,25000
0.0294,25100
0.0271,25200
0.0254,25300
0.0266,25400
0.0257,25500
0.0358,25600
0.0262,25700
0.0265,25800
0.0254,25900
0.0276,26000
0.0263,26100
0.0259,26200
0.03,26300
0.0266,26400
0.028,26500
0.0285,26600
0.0304,26700
0.0302,26800
0.028,26900
0.026,27000
0.0272,27100
0.0283,27200
0.0272,27300
0.0287,27400
0.0287,27500
0.0292,27600
0.0287,27700
0.0284,27800
0.0287,27900
0.0292,28000
0.0287,28100
0.0292,28200
0.0297,28300
0.0297,28400
0.0288,28500
0.03,28600
0.0379,28700
0.0332,28800
0.0319,28900
0.0304,29000
0.0299,29100
0.0316,29200
0.0295,29300
0.0308,29400
0.0299,29500
0.0303,29600
0.0364,29700
0.0301,29800
0.0295,29900
0.0324,30000
0.0296,30100
0.0311,30200
0.0318,30300
0.032,30400
0.0314,30500
0.0321,30600
0.0323,30700
0.034,30800
0.0327,30900
0.0324,31000
0.0315,31100
0.0331,31200
0.0325,31300
0.0317,31400
0.0339,31500
0.032,31600
0.0331,31700
0.0344,31800
0.0323,31900
0.0372,32000
0.0335,32100
0.0336,32200
0.0352,32300
0.0347,32400
0.0352,32500
0.0351,32600
0.0357,32700
0.0477,32800
0.0399,32900
0.038,33000
0.0363,33100
0.036,33200
0.0363,33300
0.0356,33400
0.0359,33500
0.0368,33600
0.0367,33700
0.0408,33800
0.0355,33900
0.0364,34000
0.0369,34100
0.036,34200
0.0363,34300
0.0366,34400
0.0368,34500
0.0364,34600
0.0371,34700
0.0392,34800
0.0367,34900
0.0376,35000
0.0363,35100
0.0388,35200
0.0374,35300
0.0383,35400
0.0365,35500
0.038,35600
0.0375,35700
0.037,35800
0.0384,35900
0.0387,36000
0.0396,36100
0.0391,36200
0.038,36300
0.0387,36400
0.04,36500
0.0392,36600
0.0442,36700
0.0426,36800
0.0475,36900
0.0428,37000
0.0411,37100
0.0407,37200
0.0404,37300
0.0403,37400
0.0396,37500
0.0411,37600
0.041,37700
0.0408,37800
0.0439,37900
0.0413,38000
0.0404,38100
0.0408,38200
0.0419,38300
0.049,38400
0.042,38500
0.0436,38600
0.0413,38700
0.0436,38800
0.0437,38900
0.0446,39000
0.0424,39100
0.0427,39200
0.0434,39300
0.0428,39400
0.0415,39500
0.0427,39600
0.0424,39700
0.0423,39800
0.0434,39900
0.0465,40000
0.0439,40100
0.0444,40200
0.0428,40300
0.0451,40400
0.0448,40500
0.0447,40600
0.0439,40700
0.0468,40800
0.0435,40900
0.0606,41000
0.0512,41100
0.0491,41200
0.0475,41300
0.0476,41400
0.0459,41500
0.049,41600
0.0467,41700
0.046,41800
0.0463,41900
0.049,42000
0.0458,42100
0.0467,42200
0.0451,42300
0.0476,42400
0.0511,42500
0.0479,42600
0.0476,42700
0.0499,42800
0.0491,42900
0.0478,43000
0.05,43100
0.0491,43200
0.0483,43300
0.0489,43400
0.0481,43500
0.0479,43600
0.05,43700
0.0486,43800
0.0498,43900
0.052,44000
0.054,44100
0.0588,44200
0.063,44300
0.0636,44400
0.0601,44500
0.0511,44600
0.0504,44700
0.0563,44800
0.0522,44900
0.0496,45000
0.0592,45100
0.0556,45200
0.0519,45300
0.05,45400
0.0503,45500
0.0508,45600
0.0513,45700
0.0507,45800
0.0513,45900
0.0516,46000
0.0532,46100
0.0507,46200
0.0482,46300
0.0524,46400
0.0511,46500
0.0555,46600
0.0502,46700
0.0524,46800
0.0515,46900
0.0523,47000
0.0531,47100
0.0544,47200
0.0539,47300
0.0519,47400
0.0531,47500
0.0535,47600
0.0527,47700
0.0539,47800
0.0515,47900
0.056,48000
0.0539,48100
0.0534,48200
0.0535,48300
0.0554,48400
0.0555,48500
0.0537,48600
0.054,48700
0.0567,48800
0.0574,48900
0.056,49000
0.0561,49100
0.0805,49200
0.067,49300
0.0643,49400
0.0599,49500
0.06,49600
0.0597,49700
0.0572,49800
0.0581,49900
0.0627,50000
0.0647,50100
0.0643,50200
0.0573,50300
0.0585,50400
0.0574,50500
0.0572,50600
0.0603,50700
0.057,50800
0.0582,50900
0.0586,51000
0.0571,51100
0.0884,51200
0.0623,51300
0.0611,51400
0.0583,51500
0.0586,51600
0.0602,51700
0.0579,51800
0.0612,51900
0.0616,52000
0.0608,52100
0.0627,52200
0.0609,52300
0.0631,52400
0.0627,52500
0.0607,52600
0.0595,52700
0.0619,52800
0.0591,52900
0.0627,53000
0.0612,53100
0.0617,53200
0.071,53300
0.0647,53400
0.0615,53500
0.0619,53600
0.0612,53700
0.0603,53800
0.0606,53900
0.0614,54000
0.0619,54100
0.0613,54200
0.0628,54300
0.0656,54400
0.0615,54500
0.0623,54600
0.0609,54700
0.064,54800
0.0623,54900
0.0631,55000
0.0619,55100
0.0644,55200
0.0839,55300
0.0647,55400
0.0638,55500
0.064,55600
0.0631,55700
0.0625,55800
0.0636,55900
0.0661,56000
0.0631,56100
0.0646,56200
0.0643,56300
0.0643,56400
0.0644,56500
0.0663,56600
0.0659,56700
0.0651,56800
0.0647,56900
0.0654,57000
0.0663,57100
0.0663,57200
0.0667,57300
0.0851,57400
0.0735,57500
0.0753,57600
0.0684,57700
0.0688,57800
0.0655,57900
0.0667,58000
0.0676,58100
0.0685,58200
0.0665,58300
0.0737,58400
0.075,58500
0.073,58600
0.0677,58700
0.0679,58800
0.0703,58900
0.0674,59000
0.0691,59100
0.0719,59200
0.0702,59300
0.0839,59400
0.0701,59500
0.0684,59600
0.069,59700
0.0707,59800
0.0674,59900
0.0697,60000
0.0691,60100
0.0706,60200
0.0709,60300
0.0708,60400
0.0696,60500
0.0728,60600
0.0719,60700
0.0731,60800
0.0714,60900
0.0723,61000
0.0724,61100
0.0715,61200
0.0723,61300
0.0715,61400
0.081,61500
0.0771,61600
0.0742,61700
0.0731,61800
0.0727,61900
0.0731,62000
0.0723,62100
0.0711,62200
0.0707,62300
0.0746,62400
0.074,62500
0.0727,62600
0.0717,62700
0.0727,62800
0.0728,62900
0.0737,63000
0.0734,63100
0.0745,63200
0.0787,63300
0.0755,63400
0.0875,63500
0.0764,63600
0.0758,63700
0.0734,63800
0.0742,63900
0.0873,64000
0.0743,64100
0.0747,64200
0.0748,64300
0.0759,64400
0.0751,64500
0.0767,64600
0.0763,64700
0.0755,64800
0.0789,64900
0.0781,65000
0.0757,65100
0.0783,65200
0.0779,65300
0.0779,65400
0.0767,65500
0.1075,65600
0.0935,65700
0.0867,65800
0.0847,65900
0.0851,66000
0.0818,66100
0.0807,66200
0.0818,66300
0.0835,66400
0.0833,66500
0.0805,66600
0.0816,66700
0.0801,66800
0.0791,66900
0.0792,67000
0.08,67100
0.0845,67200
0.0812,67300
0.0803,67400
0.0813,67500
0.0904,67600
0.0818,67700
0.0802,67800
0.0798,67900
0.0817,68000
0.0875,68100
0.0808,68200
0.0801,68300
0.0802,68400
0.0825,68500
0.0817,68600
0.0815,68700
0.0835,68800
0.0811,68900
0.0822,69000
0.0825,69100
0.0831,69200
0.0842,69300
0.0832,69400
0.0826,69500
0.087,69600
0.0981,69700
0.0909,69800
0.0849,69900
0.0841,70000
0.0827,70100
0.0834,70200
0.0818,70300
0.0903,70400
0.0835,70500
0.0831,70600
0.0838,70700
0.0829,70800
0.0825,70900
0.0832,71000
0.083,71100
0.0858,71200
0.0865,71300
0.0837,71400
0.0852,71500
0.0854,71600
0.0961,71700
0.0865,71800
0.0878,71900
0.0882,72000
0.0855,72100
0.0908,72200
0.086,72300
0.0868,72400
0.0864,72500
0.1017,72600
0.0971,72700
0.0915,72800
0.0956,72900
0.0961,73000
0.089,73100
0.0902,73200
0.0934,73300
0.0972,73400
0.0885,73500
0.095,73600
0.0923,73700
0.1083,73800
0.1048,73900
0.1063,74000
0.1014,74100
0.0975,74200
0.0946,74300
0.0964,74400
0.1,74500
0.1002,74600
0.0955,74700
0.0996,74800
0.1034,74900
0.0948,75000
0.0937,75100
0.1007,75200
0.0906,75300
0.0922,75400
0.0891,75500
0.0899,75600
0.0899,75700
0.1007,75800
0.0931,75900
0.0914,76000
0.0904,76100
0.0928,76200
0.0927,76300
0.091,76400
0.0915,76500
0.0918,76600
0.0891,76700
0.1162,76800
0.0926,76900
0.0935,77000
0.093,77100
0.0931,77200
0.0925,77300
0.094,77400
0.0927,77500
0.0941,77600
0.0967,77700
0.0951,77800
0.1034,77900
0.0998,78000
0.0946,78100
0.0947,78200
0.0932,78300
0.0973,78400
0.0955,78500
0.0971,78600
0.0939,78700
0.0968,78800
0.096,78900
0.1064,79000
0.0977,79100
0.0971,79200
0.0968,79300
0.098,79400
0.0981,79500
0.0966,79600
0.0969,79700
0.0967,79800
0.1057,79900
0.1021,80000
0.0966,80100
0.0955,80200
0.0971,80300
0.1009,80400
0.0973,80500
0.0975,80600
0.0975,80700
0.0997,80800
0.1133,80900
0.0999,81000
0.0999,81100
0.1003,81200
0.099,81300
0.1005,81400
0.1088,81500
0.1039,81600
0.1013,81700
0.1033,81800
0.1008,81900
0.1325,82000
0.1191,82100
0.1103,82200
0.11,82300
0.1173,82400
0.1051,82500
0.1046,82600
0.1053,82700
0.1035,82800
0.1039,82900
0.1031,83000
0.1027,83100
0.113,83200
0.1015,83300
0.1027,83400
0.1021,83500
0.1025,83600
0.1031,83700
0.1034,83800
0.103,83900
0.1098,84000
0.1054,84100
0.1022,84200
0.1016,84300
0.103,84400
0.1045,84500
0.1034,84600
0.1018,84700
0.1063,84800
0.1031,84900
0.1148,85000
0.106,85100
0.104,85200
0.1036,85300
0.105,85400
0.1048,85500
0.1058,85600
0.1059,85700
0.105,85800
0.1071,85900
0.1082,86000
0.1143,86100
0.109,86200
0.1043,86300
0.1129,86400
0.1082,86500
0.1048,86600
0.1061,86700
0.1085,86800
0.1053,86900
0.1067,87000
0.1083,87100
0.1073,87200
0.1174,87300
0.1215,87400
0.1082,87500
0.1091,87600
0.1078,87700
0.1071,87800
0.1074,87900
0.1112,88000
0.1139,88100
0.1102,88200
0.1077,88300
0.1083,88400
0.11,88500
0.1109,88600
0.1079,88700
0.1107,88800
0.1098,88900
0.1093,89000
0.1175,89100
0.1098,89200
0.1096,89300
0.1103,89400
0.1117,89500
0.1306,89600
0.1134,89700
0.1147,89800
0.1133,89900
0.1141,90000
0.1135,90100
0.1326,90200
0.1288,90300
0.1276,90400
0.1275,90500
0.1219,90600
0.1133,90700
0.1143,90800
0.1139,90900
0.113,91000
0.114,91100
0.1197,91200
0.1119,91300
0.1145,91400
0.1121,91500
0.1118,91600
0.113,91700
0.1131,91800
0.1129,91900
0.1143,92000
0.1137,92100
0.1185,92200
0.1137,92300
0.1178,92400
0.1138,92500
0.1293,92600
0.1153,92700
0.1203,92800
0.1138,92900
0.1135,93000
0.1178,93100
0.1237,93200
0.1139,93300
0.1153,93400
0.1137,93500
0.1178,93600
0.124,93700
0.117,93800
0.1173,93900
0.1181,94000
0.118,94100
0.1167,94200
0.1273,94300
0.1257,94400
0.1183,94500
0.1199,94600
0.1176,94700
0.1219,94800
0.1286,94900
0.1296,95000
0.1169,95100
0.1208,95200
0.1184,95300
0.1169,95400
0.1191,95500
0.1254,95600
0.1322,95700
0.1397,95800
0.1365,95900
0.1296,96000
0.1215,96100
0.1199,96200
0.1249,96300
0.1221,96400
0.1221,96500
0.1198,96600
0.1189,96700
0.1227,96800
0.1226,96900
0.1217,97000
0.1219,97100
0.1223,97200
0.1264,97300
0.1225,97400
0.1221,97500
0.1283,97600
0.1233,97700
0.129,97800
0.1233,97900
0.1259,98000
0.1247,98100
0.1289,98200
0.1269,98300
0.179,98400
0.159,98500
0.1458,98600
0.1444,98700
0.1409,98800
0.1348,98900
0.1409,99000
0.1362,99100
0.141,99200
0.1357,99300
0.129,99400
0.1278,99500
0.1324,99600
0.1318,99700
0.1296,99800
0.1284,99900
0.1314,100000
